last_loaded_level: dev
camera_position: [-116.867271, -28.820393, 83.930702]
camera_yaw: 8.918086
camera_pitch: -0.082511
