last_loaded_level: 
camera_position: [-3.372809, -1.959437, 7.91721]
camera_yaw: 0.955938
camera_pitch: -0.015919
