last_loaded_level: dev
camera_position: [-100.624474, -29.480814, 80.029785]
camera_yaw: 14.604631
camera_pitch: -0.090266
