last_loaded_level: dev
camera_position: [-88.429092, -31.149437, 89.165352]
camera_yaw: 14.598752
camera_pitch: -0.087281
