last_loaded_level: dev
camera_position: [-47.206913, -63.799065, 72.684593]
camera_yaw: 19.148767
camera_pitch: -0.067293
