last_loaded_level: dev
camera_position: [-96.789711, -14.967551, 77.821953]
camera_yaw: 13.337902
camera_pitch: -0.104907
