last_loaded_level: dev
camera_position: [-40.085514, -28.867804, 15.118762]
camera_yaw: 15.888
camera_pitch: -0.042183
