last_loaded_level: dev
camera_position: [-100.180038, -9.675622, 75.275864]
camera_yaw: 2.256485
camera_pitch: -0.016685
sun_dir: [0.5, 0, -0.866025]
