last_loaded_level: dev
camera_position: [-91.709763, -4.741949, 81.597618]
camera_yaw: 9.429111
camera_pitch: -0.096089
