last_loaded_level: dev
camera_position: [-107.724655, -16.958765, 77.14743]
camera_yaw: 8.975491
camera_pitch: -0.081136
