last_loaded_level: dev
camera_position: [-100.43248, -2.529423, 76.794754]
camera_yaw: 10.244567
camera_pitch: 0.000784
